+----------+------------+------------+--------------+-------------+--------------+-------------+--------------+-------------+--------------+-------------+--------------+-------------+--------------+-------------+--------------+
| 0.85206  | 0.00641572 | 0.00392201 | -0.00019443  | 3.15628e-05 | -6.48237e-06 | 1.58323e-06 | -4.42487e-07 | 1.3788e-07  | -4.70161e-08 | 1.73012e-08 | -6.79692e-09 | 2.82649e-09 | -1.23552e-09 | 5.64215e-10 | -2.67246e-10 |
+----------+------------+------------+--------------+-------------+--------------+-------------+--------------+-------------+--------------+-------------+--------------+-------------+--------------+-------------+--------------+
| 0.858476 | 0.0103377  | 0.00372758 | -0.000162867 | 2.50804e-05 | -4.89914e-06 | 1.14074e-06 | -3.04607e-07 | 9.08643e-08 | -2.9715e-08  | 1.05043e-08 | -3.97043e-09 | 1.59097e-09 | -6.71307e-10 | 2.96969e-10 |  0           |
+----------+------------+------------+--------------+-------------+--------------+-------------+--------------+-------------+--------------+-------------+--------------+-------------+--------------+-------------+--------------+
| 0.868813 | 0.0140653  | 0.00356471 | -0.000137787 | 2.01812e-05 | -3.7584e-06  | 8.36136e-07 | -2.13742e-07 | 6.11493e-08 | -1.92107e-08 | 6.53384e-09 | -2.37946e-09 | 9.19661e-10 | -3.74338e-10 | 0           |  0           |
+----------+------------+------------+--------------+-------------+--------------+-------------+--------------+-------------+--------------+-------------+--------------+-------------+--------------+-------------+--------------+
| 0.882879 | 0.01763    | 0.00342692 | -0.000117605 | 1.64228e-05 | -2.92227e-06 | 6.22393e-07 | -1.52593e-07 | 4.19386e-08 | -1.26769e-08 | 4.15438e-09 | -1.4598e-09  | 5.45323e-10 |  0           | 0           |  0           |
+----------+------------+------------+--------------+-------------+--------------+-------------+--------------+-------------+--------------+-------------+--------------+-------------+--------------+-------------+--------------+
| 0.900509 | 0.0210569  | 0.00330932 | -0.000101183 | 1.35006e-05 | -2.29987e-06 | 4.698e-07   | -1.10654e-07 | 2.92618e-08 | -8.52248e-09 | 2.69458e-09 | -9.14475e-10 | 0           |  0           | 0           |  0           |
+----------+------------+------------+--------------+-------------+--------------+-------------+--------------+-------------+--------------+-------------+--------------+-------------+--------------+-------------+--------------+
| 0.921566 | 0.0243663  | 0.00320814 | -8.76821e-05 | 1.12007e-05 | -1.83007e-06 | 3.59146e-07 | -8.13927e-08 | 2.07393e-08 | -5.8279e-09  | 1.7801e-09  |  0           | 0           |  0           | 0           |  0           |
+----------+------------+------------+--------------+-------------+--------------+-------------+--------------+-------------+--------------+-------------+--------------+-------------+--------------+-------------+--------------+
| 0.945932 | 0.0275744  | 0.00312045 | -7.64814e-05 | 9.37062e-06 | -1.47093e-06 | 2.77753e-07 | -6.06534e-08 | 1.49114e-08 | -4.0478e-09  | 0           |  0           | 0           |  0           | 0           |  0           |
+----------+------------+------------+--------------+-------------+--------------+-------------+--------------+-------------+--------------+-------------+--------------+-------------+--------------+-------------+--------------+
| 0.973506 | 0.0306948  | 0.00304397 | -6.71108e-05 | 7.8997e-06  | -1.19317e-06 | 2.17099e-07 | -4.57421e-08 | 1.08636e-08 |  0           | 0           |  0           | 0           |  0           | 0           |  0           |
+----------+------------+------------+--------------+-------------+--------------+-------------+--------------+-------------+--------------+-------------+--------------+-------------+--------------+-------------+--------------+
| 1.0042   | 0.0337388  | 0.00297686 | -5.92111e-05 | 6.70652e-06 | -9.76076e-07 | 1.71357e-07 | -3.48785e-08 | 0           |  0           | 0           |  0           | 0           |  0           | 0           |  0           |
+----------+------------+------------+--------------+-------------+--------------+-------------+--------------+-------------+--------------+-------------+--------------+-------------+--------------+-------------+--------------+
| 1.03794  | 0.0367157  | 0.00291765 | -5.25046e-05 | 5.73045e-06 | -8.04718e-07 | 1.36479e-07 |  0           | 0           |  0           | 0           |  0           | 0           |  0           | 0           |  0           |
+----------+------------+------------+--------------+-------------+--------------+-------------+--------------+-------------+--------------+-------------+--------------+-------------+--------------+-------------+--------------+
| 1.07466  | 0.0396333  | 0.00286515 | -4.67741e-05 | 4.92573e-06 | -6.68239e-07 | 0           |  0           | 0           |  0           | 0           |  0           | 0           |  0           | 0           |  0           |
+----------+------------+------------+--------------+-------------+--------------+-------------+--------------+-------------+--------------+-------------+--------------+-------------+--------------+-------------+--------------+
| 1.11429  | 0.0424985  | 0.00281837 | -4.18484e-05 | 4.25749e-06 |  0           | 0           |  0           | 0           |  0           | 0           |  0           | 0           |  0           | 0           |  0           |
+----------+------------+------------+--------------+-------------+--------------+-------------+--------------+-------------+--------------+-------------+--------------+-------------+--------------+-------------+--------------+
| 1.15679  | 0.0453168  | 0.00277652 | -3.75909e-05 | 0           |  0           | 0           |  0           | 0           |  0           | 0           |  0           | 0           |  0           | 0           |  0           |
+----------+------------+------------+--------------+-------------+--------------+-------------+--------------+-------------+--------------+-------------+--------------+-------------+--------------+-------------+--------------+
| 1.2021   | 0.0480934  | 0.00273893 |  0           | 0           |  0           | 0           |  0           | 0           |  0           | 0           |  0           | 0           |  0           | 0           |  0           |
+----------+------------+------------+--------------+-------------+--------------+-------------+--------------+-------------+--------------+-------------+--------------+-------------+--------------+-------------+--------------+
| 1.2502   | 0.0508323  | 0          |  0           | 0           |  0           | 0           |  0           | 0           |  0           | 0           |  0           | 0           |  0           | 0           |  0           |
+----------+------------+------------+--------------+-------------+--------------+-------------+--------------+-------------+--------------+-------------+--------------+-------------+--------------+-------------+--------------+
| 1.30103  | 0          | 0          |  0           | 0           |  0           | 0           |  0           | 0           |  0           | 0           |  0           | 0           |  0           | 0           |  0           |
+----------+------------+------------+--------------+-------------+--------------+-------------+--------------+-------------+--------------+-------------+--------------+-------------+--------------+-------------+--------------+