Часть 1 
Левые прямоугольники: 
+------------+-------+----------+-------------+-------------+-------------+---------+
|   j, №эксп |     n |        I |        ΔI_n |        δI_n |         R_n |   ratio |
+============+=======+==========+=============+=============+=============+=========+
|          1 |     2 | 0.460132 | 0.0486817   | 9.56769     | 0.0978566   | 0       |
+------------+-------+----------+-------------+-------------+-------------+---------+
|          2 |     4 | 0.482619 | 0.0261951   | 5.14826     | 0.0489283   | 1.85843 |
+------------+-------+----------+-------------+-------------+-------------+---------+
|          3 |     8 | 0.49525  | 0.0135635   | 2.66572     | 0.0244641   | 1.93129 |
+------------+-------+----------+-------------+-------------+-------------+---------+
|          4 |    16 | 0.501915 | 0.00689844  | 1.35579     | 0.0122321   | 1.96618 |
+------------+-------+----------+-------------+-------------+-------------+---------+
|          5 |    32 | 0.505336 | 0.0034784   | 0.683629    | 0.00611604  | 1.98322 |
+------------+-------+----------+-------------+-------------+-------------+---------+
|          6 |    64 | 0.507067 | 0.00174649  | 0.343248    | 0.00305802  | 1.99165 |
+------------+-------+----------+-------------+-------------+-------------+---------+
|          7 |   128 | 0.507939 | 0.000875071 | 0.171982    | 0.00152901  | 1.99583 |
+------------+-------+----------+-------------+-------------+-------------+---------+
|          8 |   256 | 0.508376 | 0.000437991 | 0.0860808   | 0.000764505 | 1.99792 |
+------------+-------+----------+-------------+-------------+-------------+---------+
|          9 |   512 | 0.508595 | 0.00021911  | 0.0430628   | 0.000382252 | 1.99896 |
+------------+-------+----------+-------------+-------------+-------------+---------+
|         10 |  1024 | 0.508704 | 0.000109583 | 0.021537    | 0.000191126 | 1.99948 |
+------------+-------+----------+-------------+-------------+-------------+---------+
|         11 |  2048 | 0.508759 | 5.47988e-05 | 0.0107699   | 9.55631e-05 | 1.99974 |
+------------+-------+----------+-------------+-------------+-------------+---------+
|         12 |  4096 | 0.508787 | 2.74012e-05 | 0.0053853   | 4.77815e-05 | 1.99987 |
+------------+-------+----------+-------------+-------------+-------------+---------+
|         13 |  8192 | 0.5088   | 1.3701e-05  | 0.00269274  | 2.38908e-05 | 1.99994 |
+------------+-------+----------+-------------+-------------+-------------+---------+
|         14 | 16384 | 0.508807 | 6.85063e-06 | 0.00134639  | 1.19454e-05 | 1.99997 |
+------------+-------+----------+-------------+-------------+-------------+---------+
|         15 | 32768 | 0.50881  | 3.42534e-06 | 0.000673201 | 5.97269e-06 | 1.99998 |
+------------+-------+----------+-------------+-------------+-------------+---------+